-2.273163681623006
1.363542072690517
-1.3007769237938613
1.1659046668438189
1.087813592429211
-0.2995519810347094
1.2475209450862508
1.6855321816293323
0.4769846048548231
0.608605601603211
1.3304486887013194
0.7806493083411558
0.5109616589440993
1.4987774438365513
-0.020538945688721735
-1.9602487174572845
-1.1048360546443954
0.1544804186462636
1.3311391669296389
0.42649957606739985
1.031415424674522
1.0257025366894785
0.7494067893667155
-1.178499513003149
-1.106878798689977
-0.5187048245885254
-0.40008055957917577
2.6113407310897148
-0.386101877341894
-0.19146851713473528
-0.03217568703527758
0.7783195269602573
2.1736001751641685
0.5264881375629048
-0.4154809813096817
-1.1445383962083193
-0.3022672961433546
-1.476623340263289
-2.8518612388410043
0.6056206999519366
1.334503810047484
1.1270589708948089
0.5202331332940509
-0.7967829501418159
0.2573046662848456
-0.4197732331005879
0.15947536556515107
1.0885161678369462
0.3216839680815134
0.18217780573863557
-1.6667377036631168
-0.8778834926241689
-1.3310886798347747
2.1071755244859496
-0.4815496738078073
0.5327837041057032
-0.14792288416157656
0.28220546838449684
-0.824511321575391
-1.6191066231991489
-0.7711847344682069
0.13212425505720632
0.01651377131058433
0.4797983391033615
0.4745737640065102
-0.5877635705006757
0.3802270966104416
-0.034846591449421545
0.7565638971183158
-0.18564058017921725
0.9896371696764286
0.7643286172735122
-1.0358943343377245
-0.9271611591708981
0.2651123653821008
0.4540010540899577
0.38900791784975985
-0.006404797671348586
0.418478492951407
1.4484255164114168
0.6984881506930766
-0.7558926434326403
-1.0571868371907516
0.17043551261761736
1.738254091235153
0.08984711344613709
-1.5920318803955131
-0.22296007036881926
0.7440567878847635
-0.9743385288535695
-0.018894807623179685
-0.9544397128683054
0.16409515112611076
0.8063495017466399
0.20117119213353218
0.7952846755908023
-0.6419760462813978
-1.1706587964184312
1.3830301459902443
1.3367237105822911
-0.022329055948432545
1.6589522902954852
0.0653597255751155
0.5950539831909439
0.2642104324655783
0.25048100742219015
-1.0514350553546457
-0.16294630312406114
1.0054108616751993
1.243578879926996
2.713940625025773
0.1896627456206841
1.6934201680514707
-0.9284746208357605
-1.6210373320268465
0.3208718813765938
-0.11847712659062286
-0.4395854791692542
0.8433337650165686
0.8613578856690742
0.6349103321034999
-0.4305993825034732
1.1291157605690962
-0.9382071600437967
-1.1310859299068234
-0.6275176264048143
-0.18108478644506054
-0.32176296973586616
-1.178196529212291
1.0978299182569644
0.5793373930152008
-0.22636860840217887
0.6140790289611593
-0.20542863853005516
0.0785641032110829
0.309154656764853
-1.2298847633364496
0.27703173313003654
-0.1833332807053931
1.2347192025447045
-0.23785838021543965
0.23757710118531195
-0.21959286627058652
-0.6445880240237141
-0.7185723083389121
0.12904575499962248
-0.48425651375781076
0.6991150797275808
1.3174257490113048
0.9600069069596767
-1.06208881869562
-0.7890292992644302
-1.0923439058003173
-0.708303607117057
-0.7944982031424755
-0.1422566709707707
0.884572602250845
-0.13964004114566914
-1.1883177086497334
-0.15771020685519677
-0.18509329192443338
0.38407439246486413
1.585166174761864
-0.7645131946134036
-0.032942279868355705
0.9491598365066776
-1.082805104068566
0.32493625412834926
-0.47777607109133746
-1.4465226193057321
-0.7358549660422012
0.5450971226753216
-0.9309266045369623
0.8113591004521419
-0.874109342951867
1.3231650908500971
-0.24296818961284744
1.534316786518183
0.09682911461745887
0.2870628311006064
0.2239200881608503
-0.7967688846933859
1.4801554625537465
0.9484665043546748
-1.5710656580884255
-0.759335542965974
0.15343569022602113
1.2026724478317294
1.4666502725296968
1.895281714009031
-0.9734099853304039
-0.4314472753200311
-0.6724271884164338
-0.09340783784552698
-1.0534928851099254
0.32205421015318125
0.7181361529257031
-1.320112745052345
1.4653689159411187
-0.8341976093517184
-0.950886005493288
0.4530122220635035
1.5026748980197948
1.1710345010720744
1.824599985967831
-0.1215683777284974
-1.5599795003547354
-0.2394224649153616
-0.07666865255773837
-1.6648388144549748
-0.2718415169495769
-0.4304047337158533
-0.3507720198216511
0.988744179076359
0.08010775154432208
0.0015545734730199648
-0.7694183390829332
1.988827899457748
0.5967667734118941
0.9247646306049266
-0.38461649917339125
-1.1779002330021482
1.4052131218016564
0.4181861565236184
-0.883504620177786
1.282956402948544
0.40287754542269566
-0.3279525342585162
-0.8495758918767917
0.06843828142703719
-0.4854218905600229
0.6769817657527106
0.6885267997653194
0.6233187494998123
1.8697873091190005
1.6808949620117657
0.7823005903328017
-0.3316834966982528
-0.6217417957887679
-0.7570812401469159
-1.836195941943808
1.8870174557910413
-0.5728769493872646
0.09403141777894371
1.323692486636039
-1.20074346441209
1.2165495467522116
-1.2790175395249905
-0.8000143226497853
0.16963748489490268
-0.4461262311448348
-1.642380578295959
0.7038205703098414
0.17564591467093
0.8545863820524611
-0.6802881477817113
-1.280786533108143
-0.020711511808471438
-1.0888850490089106
0.2749005289783536
-1.3198867275168358
-0.25973817249363945
-1.390651077327156
0.7965974552251263
0.14891234635579845
0.6083184395577564
0.5431378239081799
0.3064827798314255
-0.5723968782215887
1.1760111399595925
0.5477010712938768
-1.2579065159529585
0.06904183565459528
-0.21719398097095632
1.5149079755251031
0.15752764034895136
0.25359123261968025
0.606293695295569
-0.7755509163508754
-0.43976959971582547
0.31917113682786624
0.11692815122158254
-0.10732705887296894
-0.6444122690892964
-2.3753752413428315
-1.9192569651793843
1.089790140233945
-0.5943509563940753
-0.7421323195848495
0.7409693755352805
-0.2230135460012392
-1.140515271897274
1.4015113160598835
-1.223709384056222
-0.7139386006387047
-1.0211864304128702
-0.5905164422751554
0.18054125147334837
0.7150884454801882
-2.0373276843508714
0.3580722484420413
1.2901704686562687
-0.43337947999282034
1.548005654770531
-0.5343879491176031
1.4326801533350715
-0.5490308563499405
-0.36590175171395484
-1.3686154937212662
-1.2689200756549948
-0.7059193902948713
1.429086016927287
-0.3863584736141935
-0.6871078971390056
1.1761770058127228
0.9640886693215869
-0.5195027828300156
1.351605327585007
-1.002706266762695
0.513192789963731
-0.7603826728875521
1.4560262715683931
0.33121672261685864
-0.4004027715184618
0.7534668015867367
-1.2246166429050875
0.5044119771065989
-0.22371516010582396
-0.40281564757971566
0.9813556671858659
-0.1411778446164989
0.6311019152096675
0.7058822533879107
0.432156713860468
0.6114175117537961
2.339068448625302
0.5139105166757408
1.3386505930028532
-0.6983210657717078
-0.0846727677093836
0.09248875819772935
-0.05100266611366576
-0.9555303525825366
-0.32230740221140397
0.1813641480705573
-0.23494865740584586
0.02371556878509771
1.2243919074128968
-0.7478211924390992
-0.5438835555059797
-0.8265413857481259
2.058683464619319
0.23940253476289328
-0.5890868171997675
0.44977391882171475
0.36110260400908356
-0.9107007052180639
-0.5314493399911772
-0.4097969350579792
0.8229642820176384
0.03783851953795021
0.3338231194162119
0.9627000842955977
0.8272866121179395
0.586073819657525
1.3885402218349518
-0.019515425129870156
-0.5542745210014122
-1.630593282735607
-0.4331906185940116
-1.53877023221707
1.8058830884002308
-2.0497363904449655
-2.076348283278437
-1.0169867727744553
0.453650346288628
-1.2569529971035274
-0.06792695887189107
-1.8000640349806403
0.5777318213902806
1.7541101640894774
0.33458643993217674
1.2045992714780638
0.9334988409948873
-0.09754761803927935
1.2489527212409246
2.2269351711218768
0.3729009979288228
0.6939892646948547
0.39745008706031126
2.321310390971037
-1.629767599746816
-1.6731522020395369
-1.10968509374732
0.1899782495362016
-0.848441772863087
1.23578630766094
0.1566780947238781
-0.8089276518396067
0.7958131733669491
-1.3797420892897723
-0.4043931689424986
1.218170469135268
1.3584883367486442
-1.1499678413498686
-1.6393008127138093
-1.1258253320211846
-0.6242371812895088
-0.3787926421125766
-1.2417288315792492
-0.8678785377008712
-1.0442596356902134
1.5574215482524036
-1.4339703040031468
-0.547238896948359
0.12043911518238924
-1.1354648620669996
0.10027408391804958
0.5523919959257109
-1.372373922927409
-2.001317019980999
-0.7401728031909968
-0.9691527878965189
1.5828013799569554
-0.2730369120115842
0.7947428612844687
0.45179607952399903
-0.782204922215627
0.3713348140390825
-0.2346834468542608
-0.5487717245574139
-1.5862524036036632
0.020555839664989833
-1.7788708023778521
0.683889872078825
-0.6059620521820835
-0.9413366350801115
1.180979704424992
0.9281059613831134
-1.462863453461845
-1.4756789926370744
-0.32971167730890044
0.07832412711405735
-0.767357898855101
-0.3347860870604198
1.01756775482531
0.06790145904230048
0.23517316800276913
1.8721220288637832
0.5674098870520701
0.26002264927364943
1.3943457232840255
-0.3330790955011601
0.8658313194878772
-0.5390894310716917
2.704652641266831
-1.6145629059989637
-0.1665307817450171
0.9137365308541996
-1.6499727980401095
0.47220601615846736
-1.3421410414103958
-0.44148914483063645
-1.9475726348918314
1.5535066761728449
0.39859239854716205
0.9435687031908149
-0.7443807458743482
1.2441608689992076
-0.9442495953390277
-0.3399284235228611
-1.2331628646691006
-0.3442287754742023
-0.6671780272815779
2.1246133700515184
-1.1081540239072403
-0.4252693575265659
0.7674883203700235
-0.9065645850187821
-0.5927068587208276
1.6293507130673461
-0.7287352122226166
0.6099805146889322
-0.18013927353029768
0.025491518291661793
-0.782982381349868
-1.7072446664362118
-1.5771004914874684
-0.4435324773995929
0.5040604635551499
0.7297501454634525
2.2660822053211835
1.4635269063057628
-0.89156385347206
-1.0370998642647715
-1.4923645834002361
0.7287102666698096
0.21429308881501952
-0.36111821278468814
-0.11119963972096611
-0.17395009327796618
-0.320104944273096
0.32586758925934917
0.7324999461831224
-0.16204902508275504
1.1440859059629533
0.9925386353797716
-0.20653407354980208
-0.8081338326250038
-1.3676225312045733
-0.652223076691611
0.07452356334256938
1.876679569632317
2.144591391783038
-0.7572372251131655
-0.7297866138397904
0.5377588433453736
0.10147976147508662
1.9101438567254228
-0.1585465681797392
1.995202255859037
-0.10725177537310568
1.5076490837781518
-0.8418763891961599
-0.44483338393530897
0.10864398720730274
-1.25898301359662
0.26898848153394306
0.856917047564538
-0.19334282384980753
-1.998426855048234
1.4296995906295804
-0.17535073759881029
-0.2080305181915967
1.9914871232724614
0.2273758091260833
1.8905172917040691
-1.3525203388885476
-0.24792339049883586
-2.0652691451703378
1.1639424585444496
1.310517143156666
-0.5419871211471669
1.0697380719048328
0.2488336127695924
0.09133589316108857
0.20752152009452018
1.5575458777573856
-0.2650056090979005
-1.2498778314056422
-0.8937353230121835
0.2001689858488752
0.4296387923690132
0.7262392985370287
0.25774369000407554
0.06440593843398446
-1.2663834093804764
1.4053298669050973
-0.33689623963458964
-0.6664532823414806
1.5348031899684218
1.4752611934713176
-0.27077278225184853
0.13100102990889578
1.0590104391456736
-0.10384035861797679
1.8210486062273759
0.24359485655466398
0.9521493308289735
0.3142524288545848
0.35541333924710283
1.1410411425639813
-0.827417233714719
1.785033146151451
0.9236911718443356
1.0545339052776324
0.0225263217344791
0.31939697337348494
1.1597951535517623
-0.34523523975508885
0.05522129801192391
-0.7864000308546021
-1.2426962897987077
-0.9382029600660023
-1.9874272401548303
-0.4068845079759981
0.2120641668819178
-0.6807960228895089
0.7058907339881919
-0.042281918139199764
3.178691048662619
-0.03362469456640377
0.07196809432728445
-0.5637136819332899
0.19994393868614538
0.04243718951529221
1.2057630720662778
-0.34504583084994483
-2.132115561968576
0.9650843725260065
0.5342679430501606
-0.06447303317640098
1.2416721882098736
-0.6568870435162113
0.35904497511419986
0.7253220525508065
0.9868528526511827
0.5838001516346477
-0.3915689645738768
-1.4596065640935274
1.1022768064107713
1.7947300726670137
-0.1617772262963443
0.3589530909529759
1.0497143159883393
0.18440081803697136
-1.0165752083659976
0.6469555548625864
-1.0237749399284495
2.3065461519187935
-0.9510272532723115
-0.48078503964894626
-0.269076419843153
2.1181452208508964
-0.33055837519128134
-0.2886978634404432
0.9868421588478113
0.0315630812483531
0.1460430060769592
0.7613583664354475
-0.8176732750890922
0.6038037441410227
1.5249923563207812
0.7353794136136944
0.02481936335344369
-0.20609465136071
-0.34239136041953167
-2.7435161050598653
0.885654015919319
0.6902702768027321
-0.7819666749559686
0.30175938309868783
-0.767071526306112
0.016950345575872303
-1.7687137803531325
-0.05481598182954554
0.48295633773830543
0.14983211962787227
0.9769643460108666
-0.28063209745793083
-0.07616577464592729
-0.4129054423855384
-0.30506190444978387
0.5041853682500382
0.154323136482838
-0.9489312673285961
0.009097935653399928
1.0756587803442481
-0.8546308546960889
-0.47811821819766187
1.558666533108314
-0.7646492750125866
0.41142970846559723
0.14814180152459946
0.39363396581446647
-0.26730657794526447
-0.09627856434268914
0.9624897731444966
-0.6199131089691751
-1.231368170485605
0.8358371102404144
0.7476351719711389
-0.2777447111573875
0.5808571905424383
-0.6000961665597918
0.09408740396888063
0.1991018054082045
-0.05075630592086076
-0.660995356010635
-0.46118041740371424
1.472297303498342
-1.5000282789449326
-0.4500005672722728
-0.05016546692213763
-1.182655449111967
0.4161097461943987
-1.4076219920046564
0.5436552810790583
0.12799783214362953
-0.6283723217530198
1.707527952301238
-1.5217784420956426
-0.5021557347692522
-0.7730133881189191
-0.1399917918612679
-0.07393980732279883
1.6130346539044351
1.1725459523335566
-0.059827563708119515
0.7026635162027567
