0.4792839383840779
0.8371453890746944
0.5467918983071484
1.657324221769219
0.013389263004580598
-0.7925390586071639
-0.40750622689252863
-0.5687780315892195
1.1413387018021468
-1.2357590281211663
-0.3010991788406155
2.6643937318366504
0.551986163690602
0.30571694899731194
-1.5284473496542077
-1.6085151617105706
1.252927635729397
-0.05573114105304379
-1.7462737705663394
-0.9907391978587295
-0.03914952198745114
0.5523259096662657
0.9018801738156016
1.3117496412986125
-0.04986605639770922
-1.0887933196366932
0.26105741331511584
0.5499011551816323
0.27411586186119064
0.22949533858389937
-1.0797083649294157
-1.9225906381871238
1.0527729108332795
0.7092657973389882
0.8281958342662827
0.12652087378084675
1.0483262498968016
-1.0073584112326988
0.2630780950408794
0.4606761146836913
0.18793266568910602
0.5431378239081799
-1.1911565406697149
0.09017928432487836
-1.3911930192114421
-0.5155416637709226
-0.01419874966524188
-0.5883200925095851
-0.36088128401711095
-0.3540614914646102
1.078825704537328
-0.7755509163508754
-0.17991736181672943
-0.0888375690397073
-0.3243148779905726
-0.07767902879535617
0.8502317686761269
0.856917047564538
0.4155106976037809
-0.9175050191208797
0.3574266285744085
0.062232747622263225
-2.143379763815751
0.8161979028154193
-0.4578608522057923
-0.3902405119054038
-0.689160571164989
-0.2156594466332083
0.9611751633025513
-0.4207659520205144
-1.9308552124297038
-1.1883177086497334
0.10784839342933222
-0.9858770499557216
-1.4379566452153616
-1.8032417298330334
2.173333869685017
1.3513994040312882
-0.6889180034884146
-0.4664113695709711
0.5908051952643496
0.7674883203700235
1.6428078151308019
-0.727421847406553
-0.3052125332624137
-1.1493186800483293
0.059528261819590866
-0.06264036092606871
0.40287754542269566
0.1896627456206841
-0.26375188774803454
1.022209644537483
-0.7328374562112631
-0.3134361334657728
1.3448362615437799
-0.7241029992153872
-0.8703434185595537
0.9478222998523902
2.0226811471465056
-1.8949982093591322
2.036692562232348
0.6313152248172329
1.5802713280114122
-1.0605335876959492
0.8577676292544302
0.1245522256937198
-3.739798376477532
0.6399636536606231
0.09105362035937845
0.35176189569128374
1.1368907884842998
-1.012452310148514
0.538843778213668
-0.18296517370475818
-2.0639336416929335
1.1574670163645213
-0.08911049876522419
1.912103199002072
-0.7706612040430729
0.3457336774401794
-0.09773178762840355
-0.5769457520448628
-1.3449371276715592
0.8943490558131421
0.2725128472127751
0.1604388905242265
-1.2801815354468202
2.2629436850129925
1.0756587803442481
-0.4605861392020681
0.3514558333238836
0.3881921203467546
0.636798190546285
1.6739886058881137
-0.7064054203532344
-1.1007497490710265
1.4028261573954826
-0.03926527438968949
-1.0888163674688176
0.5806276389293259
-0.7533648850761799
0.3990791164889631
-1.2973480236052979
1.5364730180250685
-1.1706587964184312
-0.09865314498991219
1.337503730293763
-0.19774410833724865
0.6879555686697848
0.22565019558989352
-1.9648158607984971
-1.1579021764374557
-0.5399177011822219
-0.26249968817401254
-0.7778769770917804
0.4797983391033615
2.225737995484696
-0.11405509367534791
0.5125856819700148
0.15142755760015686
-0.6642349762251109
0.7390674325434693
0.9430278425673453
0.1424513094523336
0.505819732502488
-0.6544099778681638
-0.3667611646310598
-0.04404974955389674
0.967077596022203
0.2642104324655783
-0.547238896948359
-0.09028519415944221
1.3866373891630865
-0.3501299918409433
-0.23382658005503928
-0.44429305295795324
-0.8120468950926198
0.3910479161296837
-1.2449824881026397
-0.4930646415287528
0.15896664643359265
0.538839141499897
-0.8773554849202593
1.8182977911516531
1.3032720398032864
-1.32829480375613
0.9250910446406835
1.6077314770323716
-0.7352884426239827
-0.4258901720191139
-1.46246626815823
0.32289895547090863
1.1211921441891333
-0.9218912747395432
-0.6476971612515436
0.5090041769824204
1.9829324368055612
0.7888282372471643
1.7710644482448588
-1.0546321087222412
-1.5477349983776403
-1.3385482200335503
-0.39957787657924976
1.2973410649257895
-0.7524111787339185
-1.7590948072805133
1.340452863782994
-2.5241313883513077
0.11277686155559831
0.08104139905842803
0.12403384234539387
0.7802788298981855
-0.06098438214587087
-0.3688444162601646
-1.1987361444605975
0.4541147771674451
1.2707297460710465
-0.14488646678632744
0.9915227186877048
-1.3911168748515013
0.8038422486015336
-1.0437983071932955
1.0749195977412362
0.9156680787537067
-0.598702901351504
-0.3676345071104366
0.5076698769405601
-0.3047884116822453
-0.01242811297480669
-1.9649080531599223
-0.5720625446372578
-1.4868060382636479
1.2123895511210838
0.9457720498580975
-0.20653407354980208
-1.9417152265660027
1.124807575191495
-0.6964571196789112
-2.7821439738748577
-0.42197258067719284
-0.6457500093530608
-0.03135027306416692
0.06316250549655628
-0.5343879491176031
-0.9267031660321872
0.22279983240173187
0.5950539831909439
0.18130982313493452
-0.3760635693397727
-1.7182314483057999
0.03705325890132184
-0.44761858487680706
-0.33625315189210725
0.08023102214919264
-0.2857598189051439
0.0921516572291277
1.6072126847706398
-1.0514350553546457
-2.1683070608331696
-1.311085404839319
-0.28405156378839935
0.20074193894030715
-0.24928207090158455
-1.5581937748363577
-1.0111875063797153
-0.8663065785974348
1.3584883367486442
-1.0917847697875978
0.2744503609300403
-1.1141628790744151
0.0225263217344791
-0.2781419553269237
1.3175209688358567
1.3436859998123696
-0.8362999024734887
-0.5614941689090808
1.4937095328005932
-0.12554592738630793
-1.231066440045257
1.3089281381269022
0.33939745162235346
-0.7582010308367738
0.1899782495362016
-0.40111836684717844
-0.8192013010205581
1.2852415239673878
-0.7365557866083957
-0.555879254905785
-1.3352427653013936
0.8766917435342824
0.795479681329136
-2.162469242855305
-0.6914825714644116
-1.0363841705878214
-1.4777449886101912
0.9193587812475774
-1.8891235646830113
1.4928585060054351
-2.0744734123840183
-0.39196307527950314
0.8168753176157172
-0.6499042557432875
-0.17832636732620988
0.44350909450479725
1.0885161678369462
-0.4437453539929134
0.15263923528744922
-0.8846066721982837
0.7756599446802128
0.0610901978539359
-0.8032654205478527
2.1941800141349077
-0.020850362792227965
-1.4324283099966857
-1.0501041718776858
-1.737003919719907
1.441095045493098
0.09682911461745887
1.942212380407086
1.3304486887013194
1.7587856556389834
-0.7943229831050979
0.7853784207593958
-1.1293925476824818
0.6167359906442937
-0.4975707753335544
-0.519372489522646
0.9804956219866486
1.1059582657967248
1.890171563864735
-1.001676305836298
0.9236911718443356
0.9772100208809764
-1.69453744502978
1.176871075243932
0.8820374525011545
-0.556823909737462
-0.37852900149206103
-0.4784120990788398
0.8112021555570387
0.2578468717299005
-0.08586402194883491
-1.0134105369675608
-2.028550390681648
2.0642045242459477
0.37329388660128016
-0.11641354623433116
0.6939892646948547
0.9867072475534728
-0.6303709226466742
-0.0959107717320383
0.2427467694149465
0.770031314313024
-0.40385198543050166
2.3490033661727043
-0.9390168474891685
0.9845964728394831
0.7782991496691236
-0.9576070373987621
1.6088783315335498
-1.6973992925838524
-0.7139386006387047
-0.5173871483688883
1.1092022728467892
0.5777318213902806
-0.028176375149839335
0.7825009844618794
0.1586828290699179
-0.6081087666364858
0.1710815426438202
-1.0895769465680805
0.4767199280919315
-0.7358549660422012
-0.11660858253246989
0.6422670105757374
-0.8784670822821363
0.23595807299493168
0.046259565816484015
0.6458339742648301
0.5762081235914798
0.8701933725258375
-0.5167339142288749
-0.35266569122811753
0.8215424758164592
-0.027016743050768614
1.3369539794212821
0.22253665557581573
-0.44213418851143255
-1.3492177473367828
0.48885088886465977
0.6436744280331681
0.22522881319392674
0.1733998037764498
0.511525816715554
1.612850693553814
-2.638207000998462
-0.06728060167590663
0.27002705291956575
0.3884409009913629
-0.6283723217530198
-0.22011735333567292
0.6943895804262757
2.3166766689229124
1.0247013578905313
-0.7548915508133742
-0.8265951381863668
0.1407398414882094
0.8333704371891348
0.12856738147461996
-1.964327219126581
0.5286536934317204
0.773703970281495
0.38495112721163915
-1.5725943016243007
0.20675180110493188
0.08927458048463861
-2.066845117980872
-0.6591269515287284
-0.685411477300311
0.3557135292696769
-0.5925658543533953
2.1209412311249727
-2.494745074743589
0.21278431546144463
0.7150884454801882
0.30763065943328244
-2.294545475045508
-0.19827229214973457
-0.3763437633924495
-0.738658021622652
0.70068189480523
-1.2710938410938915
0.5159866674875561
0.714552666895986
0.02186103735927803
-0.9260801901848918
-0.7720808570369853
0.4206847430581568
0.7534668015867367
-0.12966746057872666
0.18054125147334837
-0.49250584430938116
1.2086891374499646
0.24501565835020853
-0.6194416507521542
-0.016130904272488207
-0.6324509604857282
-1.0929510842083523
0.3114705555905427
-0.3350738049941911
0.020061586763611847
0.8018935251376341
-1.0166171972385494
0.9380166501210737
-0.9665248070953659
-1.6088432306869307
0.20474372708768904
-1.655243090365449
-0.7626253770784466
0.6575544185048394
-1.3303312745572409
-0.8880261509696304
-0.595569833439144
0.5539497058383341
-0.7010496046248031
0.004297941585777644
-0.9442495953390277
-1.1081949991576059
1.1897914559267182
0.23569279716157138
0.4104682306004228
-0.3962481961062633
1.2069222962409634
-0.4658555981984813
-0.17969821086340304
-0.14349275285808666
0.5175682233968807
0.5769825037338957
0.6737751625639585
-1.9826574776353485
-0.603355958125149
-0.5649667907586752
-0.8816372810044333
-1.3681111902158334
0.9106999524295059
1.0891890244476805
1.5194586155148988
-0.01983660327038785
-0.16874845484054404
0.016189982503303117
-1.0193074934537203
-1.6359759451337015
-0.6676803907861517
-0.8544361187123601
-1.2994382420203345
-1.0287490831044575
-0.057296682406143426
-1.0801879400894747
0.08339090050910035
1.0272627013885207
0.5793373930152008
1.1377753161486002
-0.15745595509389507
-0.11850127563751416
-2.18921336483894
-0.13855623415409227
-1.9974949053596527
1.3284651383235118
0.33301131595106775
0.6715693016468098
-0.5890868171997675
-0.7128240158840565
0.7265914507148697
0.03322946364531387
-0.3433215131953449
-0.7533971736183939
-0.3239418829978079
-1.5696934387892496
-0.8254968632965486
0.513213512908575
0.9020079918529965
1.1471932441592152
1.1056544443134448
0.3866509777127067
0.27763255517995894
-1.2381139413549842
1.0973218269370937
1.7649917742299746
1.076201278706039
-0.49046237017893624
-1.0144810132939828
2.0768581318040873
1.1671643715376343
-0.8950493732006514
-0.4538526529044456
1.4114644384289463
0.5082969303805426
0.5781019560892299
-0.9981332593944023
-0.46447304565307
-0.6797687311495348
0.36750473392631344
0.6374217939428845
-1.8264169443504208
-1.4206928961386114
1.089790140233945
1.3015731530010668
1.9519527374867334
-0.8065520398117119
-0.6454422608916336
0.31932626107095186
0.8772759239054848
1.3980519904786357
-0.43517554748051096
0.8661088853633016
-0.3819493942510205
0.16460332364283634
-0.8485365587999292
-0.394119235366982
0.027023494427672816
0.40030777348464686
-0.0431973049505219
0.06948293304507497
0.21353009072480442
0.5223758107461838
-0.3680703719401285
1.243183067004433
-0.15678191065752484
-0.19117945967430372
-1.2084951941593276
0.3186210690177749
-0.9614920124489335
-0.9499637489088477
1.9924633031789822
0.912788300164325
-0.13157675862382714
-1.0419868932178487
0.4847125660937168
-1.236278694818186
-0.38795158532524876
-0.36254889654798045
-0.7432022835852351
-2.594098937137063
1.275301444274605
-0.8761599183054377
-0.7752554693596697
-0.5765992300453596
-0.15445139566439914
0.06018940475298316
-1.3797420892897723
0.7441074953991359
0.2959105877755428
-0.29938328279207754
0.10132397569545207
-0.6123363402670431
-1.4838008486975243
-0.2467993634892954
-0.03178691149043426
-0.6280782332692357
0.14960276653530974
0.5674098870520701
-0.0693353581340992
0.11895083043100181
0.23879647297299592
-1.3941810298463768
1.227108975709451
-0.6129232982373896
0.8204455295371904
1.0671312053497717
-1.3979398217875674
-0.1153809842848088
-0.10009459365404078
1.9234404975627557
-1.7212207473328152
0.44938412904817937
0.5561967423719392
0.529149294319119
-1.4057061235001218
0.5208354442751612
-0.21962086251232898
0.6149700139153335
-1.5589374797818303
0.29047033031563374
-0.1261361067765527
-1.3394188719080347
-0.7251924000860961
-0.14496342076373392
0.0751911573829794
-0.00013674751349637788
-0.3662079452658497
0.19303059284616944
0.6463310029371666
1.429940004275324
-0.6949465617630062
1.13811979800359
0.1747271576726267
1.2464572413066783
1.0403328438696515
-0.4151939121429794
-0.2638012009145637
-0.03106515869787381
2.213595245834676
0.20852330143533168
-1.2769529774720454
-1.380953023881225
-0.782982381349868
0.6259607393385771
0.1673283578583121
-0.7345817961422109
-0.31932745149118674
0.8149315385777547
0.7123421647023669
-0.660995356010635
-0.11541878749551172
0.49286656749783153
-0.9951017056042115
-0.9717726795847264
-1.2423586225310341
0.7070923222911989
-2.5037930682479628
-0.1166100573157894
0.10473036423429734
-0.6945189573013794
-0.26787014406566373
-0.3002101602227338
-0.31042880187199473
-0.47539098204510766
-0.3268750558420759
-2.4272189636635355
-1.6655496263213398
-0.0544349591753684
2.8288774144623337
0.11568606476340401
-1.292836354755776
-0.9284746208357605
1.2099968060889883
0.9334988409948873
-0.31325862556773265
-0.8769888830330208
0.3624913483209001
0.13659717477658875
0.5069715179528325
-0.5390894310716917
1.2451116296676221
-0.8809462209369819
1.7649606290583246
-0.5607921360015644
0.8755383951991255
0.3898294788984336
-0.6140567295872081
0.8113591004521419
-1.6930286601251066
-1.2073135422561476
0.8746625317334832
0.17414664917226277
0.5170725405177974
1.1040127031758498
0.42488939262983705
0.28351508216652604
0.36001026462965857
