-1.0631687307089814
2.078914324778676
0.02186103735927803
-0.8569478939273035
-0.65819646145882
-0.8844839818099162
-0.047474617002734525
0.373460083112665
0.7756599446802128
0.1005214653181326
-0.9328115738391193
0.04037104492877327
0.6106317355547253
-0.27419937839721603
-0.045087821651075485
-1.0514350553546457
-0.617800275329768
0.09295221361908837
0.40275016761234467
0.2573644307468562
0.14748778880397764
0.3842591006943267
0.45047154267273387
-0.26673837169482606
-1.4085061415167097
1.0909435000074417
-1.0703264862208697
1.1471932441592152
-1.3449445967567664
-0.15472976144050696
-0.9853831869147942
0.6878126710003265
-0.35606162282436377
0.791602467024316
1.4238315684267364
-0.42318776110697853
-0.9680485488636249
0.31590044700236264
-0.34860762887651003
-2.0639336416929335
-1.4671859044566622
-0.26885200167147516
1.824599985967831
2.036692562232348
-1.3352427653013936
0.8670365507817851
-0.7534557050108714
-2.6007719874200395
0.2924860397379965
-0.8050154962218145
-0.8988335996095639
-0.009103168700836526
0.6039897064292947
0.22803211557843936
1.9488904554035995
-0.7093533829005384
-0.9684350194334604
-0.3632919874770606
-0.4030589783959779
-0.7158586318697372
-0.5894097729244151
-1.5611572609950335
-1.3612505071277075
-1.0850031405983036
-0.6296344005565666
-0.09690880816446487
0.3364394585965736
0.5327837041057032
-1.735231640162299
1.2531775389963948
0.474359426888376
0.6762803270472999
-2.0761832358391024
0.003347676731379991
-0.8036232385393091
-0.4360163704871502
0.5443446288925047
1.122129426689669
0.26558120580677647
1.0758218187282675
-0.8992151621849692
0.944207351491305
-0.09310283438688484
-0.9576070373987621
0.5908214431783271
-0.06392323228494283
0.6769817657527106
-0.1679780272489287
0.3846875255645426
-0.022329055948432545
0.6149773525250612
-0.19654898396784654
1.6963459644995957
0.44603544773136405
-0.1651297736712882
-1.370413501010027
-0.6903730320009385
-0.9954598130167942
1.9400792465504721
2.0096251468304582
0.7786404990591868
1.7541101640894774
-1.0980655792593705
0.9677942647178874
1.585166174761864
1.338591661159829
1.337503730293763
-1.3330929667737568
-1.0134105369675608
-0.7408088836572946
1.1574670163645213
1.3367237105822911
1.866816978234798
-0.32938112655576585
1.7909843879571858
0.07364938932850999
-1.25947735063955
-0.024712110253605896
2.1642443863434546
2.818407200348466
-0.6542232324498924
-0.3434626224598267
-2.076348283278437
1.9177586955081996
0.6632239660806464
0.007796489913591424
1.5211236741873513
-0.5812720551308849
-1.0083938807593753
-0.7169752463066674
-1.2185034824527632
-1.6066045646676486
0.4565904515422743
1.9096745898324468
1.0328076671046733
0.41424909961372264
1.0498512098124126
-0.4101066602769607
0.7522610636507926
-0.4813994227806713
-0.38470282259976946
0.7403749511043058
0.4345481423646574
-1.5326162519997157
-1.1193204255543152
-1.0531124942196417
0.3232383627036504
-1.6878742951747379
1.043300464424641
1.7870407341841656
-0.5227538916334765
0.09289510597071729
-0.685411477300311
0.7911761618583686
2.8214111110815923
-1.6760942431858024
-0.3067918182721694
0.4670092940651356
-1.0109389594539908
1.8376202894012463
-0.017788822952726116
0.22253665557581573
0.09248875819772935
-0.5396543853002811
0.2749005289783536
0.02371556878509771
-0.7064054203532344
1.9179656573440373
2.3166766689229124
0.04928079445784879
2.25823789280451
0.22272931808686477
0.9750252434039458
-0.6457652606309693
-0.7456755394779316
-0.0909643496107043
-0.09073362065472848
-0.601967833720238
0.033853057470820035
1.0463563765703143
-0.17395009327796618
-0.9445132826114208
-0.31387417887978525
-0.5300116565178756
-1.2989536546062144
-0.42338831673917166
0.7973479148948728
0.7108832960902948
0.709828467064724
0.7118598024672196
-0.49105904216167784
0.2709098821487354
-0.5152566364700055
-0.3243148779905726
-0.27135472075141964
-0.6991630135292141
-0.5389428515657448
2.321310390971037
0.9863694788728747
0.15845060601114255
0.19936546314287779
-1.8020484505319248
-0.269332741418048
-0.15475181406188016
-0.2469418832118502
2.6887101145956493
0.5769825037338957
0.6999314134886176
-0.18502031754659462
-1.6354527207041127
-0.5964069317173792
-1.6074294318263829
0.1651584650957586
0.264883963306853
1.6072126847706398
-0.8337108365986957
0.4474481829698748
1.0223430578482267
0.8307125459057837
0.9591117689708981
0.25547568290521894
1.1192846709410824
0.8776283686326434
-0.03135027306416692
0.1604866690530263
-0.31328417173465606
1.4169321254579983
2.064699607684447
0.16652768917457353
-0.655703713832813
-1.0135544558190104
-2.1459968020742815
0.8834480124715333
-1.865207219927857
-0.5031838013235411
0.06843828142703719
-0.47369132130495084
1.3769149683092858
-0.9174573264572439
-0.9729598233230693
-0.9121035306147138
1.2308165801610558
-0.03518716134619602
-0.5774381715378641
1.3584883367486442
0.9247646306049266
0.8781033807656913
1.0475793250092724
-0.36122632331228266
0.22253528043802254
-0.34008984332475595
-0.42711446222984845
-0.5223144209921816
-0.7663560672619044
0.4412061070437874
-0.4515785465486324
-0.9981332593944023
-0.8677451710384855
-0.5294307855311907
-1.3407399323185074
-0.8959388324500932
0.8022032318898564
0.6664837607655693
0.5522612737275459
-0.5672914890274988
-0.7031902604813364
-0.6709017612699293
-0.22405354757440735
0.3961469795261157
0.826412878128012
1.5282440530746353
-0.06844991586669649
0.4258831194119578
1.2062560520334318
-0.6664532823414806
0.623619516642812
0.47104629635648093
-1.271755838148668
0.13818949641652165
1.0987456217140925
-0.7878854392665001
-3.023378689066151
-0.07378403113172177
0.4530319132046833
0.3717537194058628
-1.5920318803955131
0.18376309289829101
-0.0700770913408452
0.3138228272781033
-0.8334504318173901
-0.6725239467016605
-1.6039671617698923
1.0952808788487483
0.6064593384310424
1.6884825501926561
-0.6499042557432875
-0.20607412514956613
-1.1238555949290059
1.207663572865105
0.5444419601683922
0.3447369623671579
0.9925386353797716
-0.478613932586247
-1.1909139658588803
-1.4368864922228124
0.29922637694956405
0.7872160237305702
2.086354056177589
-0.43517554748051096
-2.041910345678741
1.4826759841805697
0.30511323471466245
1.062235182867106
-0.3405617837749231
0.021888364525397004
-0.4686129046253039
-1.5771004914874684
-0.4624455292642781
0.4486271326932808
0.1626829899952137
-1.085242636312734
-0.6653427774449472
-0.15713691682705033
0.08446948269803181
-1.0267264120307908
-0.41029289051265116
0.37567190670674727
0.31569082766748136
-1.5668889572901856
1.314836446171195
-0.8235805261770051
0.6846949258138969
0.7224824075878055
0.3243130606124465
2.2842906164455012
1.042192558809609
-1.0887549975152668
-1.73965422073457
-0.6289849343146281
-0.3915689645738768
1.5236768119141326
-1.650371016701483
0.36154389045356955
-1.077130947580215
-0.6109141332568814
0.056921108145190434
0.2510098996363381
0.5169145501716297
0.9680163130493538
-0.16565281384797234
0.21954685923518125
-1.4251595208425643
1.5775212177627926
0.06810138169367673
1.3660583670822448
0.788451848707252
0.27763255517995894
-2.086292816954462
-0.5369773208457533
1.4746085752383646
-0.7176816069585363
-1.540297976230817
-0.2699280516783242
-1.8464578801749556
-0.17828852546592316
-0.11116209015933377
0.8433337650165686
-0.5490308563499405
0.8510683774563488
1.2809192509902048
-0.8942329774648512
-2.2179257131031505
-0.30840370645772447
0.05571345119045711
-1.3375862573564337
-0.3667611646310598
-0.3368452801711825
0.08296793442138871
-1.1624874856502245
-1.5710656580884255
0.30740703259877694
-0.04824813782168499
1.2919862410063934
0.9560953981797693
-1.676461390525452
0.21731573834386683
-1.601178219142537
-1.3987856234492404
-0.9067146002098294
-0.7154532017485563
1.0021517739941663
-0.16351317680245556
-0.12647563209428886
-1.407087823011239
-1.0263262890204579
0.123687026380098
-0.41795963164412386
0.2887587329704997
-1.3496723565237845
-0.5504907207951283
-0.06625001392767306
-1.9824055384309738
0.6737647940967953
-0.055724750425918367
-0.43199150486252363
-0.18387608695273486
0.9836416694940048
-0.22874699705369367
-0.7974350328852787
0.3557135292696769
-1.0819199899266487
-0.5256094490327368
1.3063866542767746
-0.004578140050894942
-1.280786533108143
1.9073285944924463
1.7634071044344999
1.0714523465733765
0.3866509777127067
0.11172444791530252
-0.3940536248012427
-0.5637136819332899
1.8224357099158415
0.24011769805080235
-0.0989550119122907
-1.7066498300258914
0.8464666798027548
-0.7533648850761799
0.4289682983620937
-0.23974364276502655
-0.15445139566439914
0.17764969157874597
-0.5652580032264726
0.3950855228150726
-0.3634777656916049
-1.1509043926696456
0.8382586791473657
-1.6655496263213398
-0.5606879150154276
-0.692010459225606
0.3867914643334536
-0.2417894831667657
-0.1527547635051476
-0.7432193778660979
-0.727421847406553
0.5112292119922272
-0.016130904272488207
-1.3547465622567414
0.42625308195098205
-0.0951283313462299
-1.0061135826720755
-0.708303607117057
1.1108949612311485
0.9442367112221648
0.40713420398244654
0.4138309100446738
-1.9678808483738701
0.6967324739608324
0.42649957606739985
0.8316707946325017
-0.050159092590065256
1.522075621509485
-2.1033449793809695
1.043056421495786
0.1678712876365845
-0.4458669513275727
-1.5581937748363577
1.345241669995123
-2.2093762628171443
-0.4859921757399018
-0.6584275608129625
-0.07839488953866952
-0.2777447111573875
-0.9810745650471915
0.785690629139546
0.12904575499962248
0.15140836591355772
-0.1422566709707707
0.48875164382902697
1.1763735114599518
0.13652116249000215
-0.6446188386304491
1.8290578197051206
-0.5931986250147038
0.63229203636453
0.5046570708672532
-0.2120166643231692
0.23415652213486696
0.5257061781326766
-1.3929167783142404
-0.8814845077631578
-1.374189830988021
-0.13964004114566914
-0.8407818644697737
-0.9143238411292138
-0.36088128401711095
0.2837960124292032
0.2575551111025149
0.6290359561572787
-1.4193795821791175
-2.0902794933129076
-1.0235460215944847
-0.532751589303412
0.4037667491005536
-1.1785643108803336
0.09724899402061535
-0.30742469942924205
0.11191069252189396
-0.6751007489287743
-1.5811966621500637
0.14891234635579845
-0.8104726353968614
0.605528524653978
1.0663171657659758
1.634535461295518
-1.1334532193707931
0.15638398627206856
1.2094866742836001
0.07585909991589884
-0.44111394207252513
-0.3532799317955502
1.6137259952597385
0.7944800209067645
0.5468623080809434
-0.04741785178861965
0.36631409082498867
0.4940398178494936
-1.074427398355762
0.25048100742219015
-0.48114526571077176
-0.07878987652599792
-1.557031500423836
0.3857247671718894
-0.6030287136554017
-1.587763222550041
-0.8719232455579334
1.7841850460480444
0.13906322514240468
-1.1430108698520403
0.1411368332031133
-0.4692831870320087
-0.5253477102084182
-0.15678191065752484
1.2014257713474392
0.3648745930113039
1.0404681806290634
0.7181361529257031
-0.46275694872382694
0.9970827135494852
-0.28063209745793083
1.04766233539842
-1.9036307640888566
-0.39930376892143415
-1.5122096875561617
-0.27933024050438265
-0.41201246564384775
0.22398624863291244
1.1759384286911978
0.5207378720629269
1.2828265111329271
0.1825295642484233
-0.7943184985609415
0.20074193894030715
1.7897083211386322
-1.0440970925314657
-1.1670983224282556
-0.7615107281422064
0.29515188861953645
0.966023688707767
-1.77546849459093
-1.8348510292836624
0.42698746854388403
-0.19334282384980753
-2.9104510964199872
-0.2891936152052551
-0.7553699969167317
-1.4010655404122538
1.0102451340040801
1.6691568722895642
0.39651520078596497
-1.2633593730928496
0.233388699121564
1.1814266301757916
-0.5625507682066351
1.4136960143521442
-1.6202730365869875
0.24344818080187905
0.5310612959791607
0.4399024298835863
2.8366421976740837
1.2359915151727052
2.045226429359991
-0.3318228033854314
-2.899603971205523
0.2509169104947166
1.8648901097734962
-1.4176328633350785
-0.6218644873920217
-1.1684622031339669
-0.5618486987903337
-0.4608147462856754
-0.7391811189957125
0.9769643460108666
1.5217909774314986
0.6295193700858717
1.5585622285802982
0.7425189954844409
-0.43845928211274227
-0.8694188480558358
0.8452044626272457
-0.17605194853145953
0.3439524035389608
-1.4407015562883179
-2.0860415913065258
0.5357360928923253
0.30766437565697263
1.934271943856057
-0.0951766997963278
-1.0196667101100112
1.1245617937453638
-0.45516908761408353
-1.6096904759648036
-3.2751836900799547
-0.396575618126347
0.05887589314821028
0.21951687071408316
-1.6210373320268465
0.5249703188302701
0.4157932346100528
0.5183150459428102
-1.0419975168514333
0.2775333471376585
0.06948293304507497
0.8195877221405599
-0.07162305699746246
-1.1074406403485282
0.19036607340908931
-1.031321978159855
1.654185197997032
0.38000671445385015
0.08325430934917774
0.5762810657453531
-0.5094316506870034
1.1235506980283738
-1.0094431428454487
-1.2742214515018617
1.5364730180250685
1.8015288493051493
-0.5014299996849936
-0.7059193902948713
0.5614367295963787
-0.7010496046248031
0.7892053870604459
-0.8791143753705567
2.648850473105506
-2.704900705596849
1.409713416162318
0.15069667764872616
-0.4270012340023826
-1.6359759451337015
1.8870174557910413
-0.579656709105398
2.2593223225279107
0.6425705462408235
-0.24928207090158455
0.9617259554080084
-0.6660201364924824
-0.5338225116243788
-1.23807769034266
-0.7578128476772563
-0.5972969705069083
1.6934201680514707
-0.36853126595620955
-1.300848673902728
-0.7823625953195189
-0.1787888906124328
1.3810766657124378
0.09446648519505643
0.11192564444024058
0.10473036423429734
1.567596469399808
0.6619049167142778
0.6776002942106053
-0.44376558287052775
1.0742310852318926
-0.46299084700725385
0.6064182950561057
-1.2109373031250759
-0.07448642138307125
0.051138184939105734
0.08422881950063617
-1.0512873802118727
-0.3047884116822453
-0.43114136210013143
1.7224682711278088
-0.5282297463897525
-0.801712940030492
1.046867703724265
-0.9556286895493123
-0.4896513759212169
